53167
46587
33657
8972
38491
41775
6889
58112
71471
86000
45428
83241
58120
47997
94529
79944
93349
49528
45022
89437
14485
98169
6785
55479
14923
83441
88949
12837
5970
61419
32653
95391
35900
68623
36598
30771
15391
83461
31571
40126
22226
199
65278
53681
72698
5174
99980
36594
95434
43180
57011
23977
32556
43020
92065
51194
83249
7604
38263
49008
48645
21057
27793
76373
6736
53485
69986
37474
23498
211
76558
21228
93241
42961
21024
69614
72598
78952
67145
82699
46824
7961
26649
52613
86031
16185
24291
778
11184
55291
48115
88180
30051
97397
67362
15143
94115
29289
4847
3752
69683
95110
39184
3405
38931
4970
73488
15955
35423
80798
34475
99778
46235
45975
6395
42822
91642
30753
16715
90084
45512
92701
11745
22944
14453
29256
25537
72685
40761
11964
4619
5159
34887
74198
25357
22595
12344
25786
57467
12999
268
41343
56991
38142
60024
78697
42199
24716
1433
52629
87397
59009
4280
87438
51173
4319
67928
77893
79112
35230
22074
78704
72281
60737
57715
44154
95102
57892
41340
53171
63199
40476
12228
66422
49412
88669
28928
33281
95921
27611
11800
47055
93820
74915
55406
66505
57872
22503
65940
58651
68095
65641
41787
53626
11242
34766
65934
97303
40350
19948
36851
30770
51673
22938
60096
22852
40684
14557
24272
55141
44121
17215
41721
46667
15898
80289
93388
48428
1898
64891
35288
81205
68533
51216
42497
34453
86636
4860
70959
95693
20541
60455
81885
64590
68227
21131
86892
98966
73668
4771
6148
37027
48700
25221
33305
35979
50256
88699
73530
3124
70495
27853
9522
64544
74520
15302
3665
48811
48268
57101
91855
72009
97311
34451
66047
57947
8629
29776
33127
26012
42955
59447
10442
6571
77728
47015
43798
36580
97689
23306
436
93517
82515
73279
68336
13362
29099
3782
16746
73624
90303
92262
93628
40551
71843
86167
80942
34821
96112
86888
20568
3588
20818
53089
18591
18160
56946
72359
22143
30463
39309
38182
49375
42572
45062
13646
98943
74302
2429
21817
19
14085
63225
511
32705
5243
17648
24083
98573
44043
25398
4748
38887
12379
11429
83073
97997
43929
41215
7266
25917
32246
12382
10954
68016
74964
87175
86023
50389
48764
63115
80300
52486
29368
70818
29286
96353
72628
88885
38193
73469
95952
44649
78516
9835
65330
46829
93578
56801
48816
62482
1866
51849
45855
56263
44769
60936
28325
43493
7291
78497
94953
98630
87512
20560
51081
57596
83884
15845
20901
5371
39042
8408
97362
67795
21094
4474
53013
19230
61553
9204
25811
49919
28995
24932
63760
47741
94877
55977
77794
36528
32795
23673
15982
77722
34271
57897
85464
68726
66338
8304
68908
10818
36939
6911
12602
20028
13066
46705
81789
36618
31417
87230
19277
69307
6010
51268
67713
41421
67601
19518
32966
96170
49114
67192
36675
29772
83071
37026
8053
57830
62890
31220
32547
92804
15574
26968
92810
36557
83840
83952
14842
41953
24201
74660
45356
44316
39613
89169
17100
70924
47293
96459
46793
85454
34195
99963
76484
45410
86727
99114
10396
79190
62176
55365
42621
40492
77910
9973
41617
39473
31171
52345
15533
92113
24016
46434
37087
25306
94279
28884
67845
50245
45745
64550
61327
87941
46207
12787
11343
87070
63175
10284
51100
48464
11837
41427
91365
49841
24589
24947
62428
38295
97121
64025
66192
40012
83285
11315
84790
62516
76631
17430
705
69350
29960
15267
44934
90854
1685
57235
52089
64259
68921
9369
16018
25302
54117
28481
8006
77117
18063
77622
99222
18748
66314
49041
1491
85074
22879
32522
58880
23124
79872
88694
3059
23470
7908
36976
35615
63798
42028
76161
77992
65597
97460
12375
574
50178
47950
62325
39577
33544
1973
41579
67835
56839
15991
1105
47712
9902
7618
7126
17405
85548
64747
5666
74389
96916
47305
2186
99927
39548
75859
21335
13448
2765
34330
22168
81991
18206
27342
78110
31724
42775
96867
90651
4384
12915
89790
66830
30918
65951
61390
34471
6670
89722
42486
12713
14958
14319
14293
1073
59140
32799
30503
39288
60950
39714
91961
26459
41703
51115
24486
76946
39058
95088
13101
10721
24799
63825
81857
99516
48602
85384
29858
84366
33693
77652
52740
73164
15350
86680
99537
46410
55707
571
15752
19891
33271
44818
31858
21629
83723
35046
74795
703
94933
71692
52744
9303
94045
44229
72701
5781
45705
26152
68555
43578
8111
44450
94705
72862
42006
73780
75326
26540
85797
92360
27486
33788
22029
94949
74586
62456
5868
12921
96572
41102
51203
63466
75014
79719
88580
75688
9987
75890
43800
75274
34171
45901
4000
12438
72493
16373
78091
57997
13199
50278
76942
27886
60752
74864
94222
96331
27227
21386
3811
45902
25954
68962
11531
80310
75055
79373
35220
73971
43862
20030
193
49235
44423
41525
92010
35036
28021
22621
44626
37235
38867
48209
28907
47243
69213
27341
63749
69957
6964
67261
98315
1891
35599
74510
36912
59184
41973
69147
4235
89132
20941
51746
54599
95342
97953
2629
64811
4289
67871
63009
78705
49631
89525
89851
15709
10655
21483
25919
53328
18897
61431
78589
17643
86673
45642
77655
5987
49698
67484
33915
9185
86137
74001
91800
45984
16842
65937
44400
51519
54035
67348
42236
41111
3540
38684
20210
84468
91495
90730
78169
29152
25869
88823
28570
20311
63986
20389
99775
74200
44004
32137
72140
84054
69451
25861
39736
97096
42031
53544
6242
30338
54237
72826
31079
57029
56800
55731
63213
39514
66130
44319
75647
43528
56810
98197
63877
60277
9721
14870
28125
96991
48521
53115
52693
60356
81703
62891
89747
27876
71408
73543
20826
92361
63495
86543
69145
40614
55421
43333
9843
6169
96179
35801
15507
24001
92639
88104
82379
29557
94751
51873
7828
76970
8534
25582
13775
40460
72216
99003
60854
58573
80198
56989
32499
92795
31115
79184
8002
50622
32929
60636
24269
49653
62565
35141
25988
50336
75742
92949
62656
85380
5995
3554
12477
88241
43893
68152
10580
95792
82158
83817
8368
84874
33830
93541
55073
21020
99723
941
27192
19885
98831
72476
12956
9728
31830
88958
84320
12196
49688
45676
55096
62343
76223
93216
34197
44498
83037
27625
8035
59869
1233
47088
37763
89868
23752
66241
91661
40535
25850
88854
21738
75400
87955
65521
26692
13853
51094
57310
29416
28950
60234
86787
6921
60918
65462
94601
59928
23282
62859
94485
20580
39510
6035
41460
16313
99089
51559
86156
28146
96907
27597
38947
30075
55035
14318
87379
89009
16637
42607
73629
20352
31613
16640
77205
21991
84811
52627
840
86244
8027
92193
90594
48967
39225
81843
59354
6394
14613
2385
10480
91622
23945
7568
31200
14894
5416
99390
81744
43754
2004
84461
63056
83948
33763
23056
56901
63830
25878
88244
45882
76837
6101
79101
96371
3500
83897
46998
53048
96729
87729
84425
16538
12494
73584
55864
51909
77234
12388
34138
78591
49330
62901
40615
98396
33162
61664
38894
90107
42471
76171
14943
88566
72805
86915
5026
33349
73015
83014
65829
70222
48970
69051
15472
67760
7922
18649
5441
32770
46786
19215
46602
56309
54631
21258
34637
70554
50933
33312
32004
31091
85230
38449
52710
19324
82429
76792
78128
25413
52577
45322
44654
37630
64236
55149
1126
74629
14408
65651
45725
72545
44738
71174
73715
27644
17035
25711
23481
48320
64272
81181
66704
24147
7336
46540
6030
34312
96098
53914
45674
9491
5616
3536
805
47598
32332
90484
41949
1762
89702
37581
59788
32310
37661
43785
54132
94783
96687
2043
4254
93649
65416
79542
84257
14091
76213
89680
5523
99311
52950
26210
23457
39121
41675
70185
90148
37373
37839
60829
65508
99330
6219
9394
38164
74868
69136
85963
5977
11342
33513
10005
83306
77170
53765
17452
5041
17132
39680
61619
34839
34443
36850
71870
42623
78615
77254
69715
73753
23823
9267
98366
92397
40447
29591
43521
63170
81479
23546
11456
42312
68250
97104
80465
15956
55456
42514
55643
34694
43941
55025
56908
89233
34589
44181
78563
63797
3816
16354
74744
39632
94610
96562
4051
88579
55423
20148
35467
91867
2998
76490
88965
93623
32786
30610
10654
43856
19462
7379
6324
41292
55338
69127
88810
87770
49203
77776
74669
51233
85699
67626
88466
75680
85442
79030
28326
77758
47246
50054
19144
75740
91249
75959
63918
38915
85220
53345
86750
373
79434
7013
84133
99662
71642
16692
26244
10563
347
94467
96962
59149
27197
64030
9829
43449
79369
35589
27704
43260
94842
31270
72479
43055
84353
67335
11959
70082
18755
37005
49813
57969
45498
68528
74581
96818
2633
23213
28736
76121
25876
78506
49716
99022
46338
32038
10932
19083
59337
79788
67603
52355
20732
74427
60988
33789
95108
96874
21683
93903
29748
83728
95064
23851
33535
9952
76750
6817
66650
53511
44232
45511
47783
86186
95739
20187
6388
57316
74388
61600
99667
98739
84703
70486
35413
38877
44532
15198
5290
72510
3930
79705
85955
93692
28908
95432
55924
23830
36829
34911
22831
49383
39009
26477
71470
28667
83284
47021
75774
84577
32739
91588
99887
12404
39331
73663
79091
53364
18715
84170
1738
12758
88140
71981
8030
7130
4346
90768
37984
38893
76740
87617
54677
19711
3738
14041
91968
28583
16923
79375
55606
60900
59981
3780
2340
96257
79835
17104
43250
66344
97698
36620
33838
6145
44175
14131
30544
36652
19063
49618
5535
81025
87792
18339
39575
20960
75697
21765
66366
17090
45515
52430
10067
22716
38596
13089
32128
73758
773
57381
13659
16320
45177
4060
94324
48432
88731
48290
77366
35133
21654
41614
20149
1342
9006
35499
14054
575
77518
24340
14124
32056
25456
94853
39773
31470
98541
93928
61468
37947
35500
88652
65904
17008
91415
25431
82533
79156
91986
32960
3511
27824
48144
35380
6124
32327
64930
68907
12311
47662
70747
76394
53975
28984
37192
94089
41345
11198
11071
83576
98388
33995
57789
27491
47750
389
32068
69838
85309
54006
83539
81062
86574
70494
21610
79191
80395
17331
21946
97262
66997
74712
35547
97954
27391
61270
16340
59535
3364
47657
19751
67453
3184
80047
9520
54705
71372
14165
676
72680
20647
83104
87297
26113
32650
91950
20055
62460
15325
51992
30645
22400
84638
4022
29268
69107
13153
29724
52154
94427
47499
62680
62677
65516
98619
77635
99648
38459
92047
28357
42061
48394
33589
8120
82498
35918
83319
65232
73791
81889
28569
49789
56356
44405
22266
52411
91118
28057
8496
75870
99652
61696
31951
15044
17274
7119
30542
63013
75110
25111
59216
11299
14573
35974
92057
54880
64696
38637
22327
16829
93558
40477
98660
90523
20159
31167
46047
18243
78012
76587
78093
21778
43161
15905
55084
1335
55507
29426
61632
50874
7994
11532
8146
41645
5058
12558
40720
95607
91831
90285
77308
55418
26744
52678
4956
68919
881
20902
22942
23396
68934
16243
93816
24541
8294
53945
31778
63819
33031
30446
15274
11264
28438
83314
54359
54698
51934
53744
52715
68832
82807
29693
39508
50166
51131
9891
10820
78608
7045
32540
71077
2736
21069
60897
23195
88142
1698
26161
84778
29343
58521
18109
73594
20823
11555
88321
7934
93726
78607
25991
2134
47685
28528
56352
73006
96650
16262
68874
77789
64654
7159
23014
31335
19648
28818
37100
80776
20108
95242
3034
79394
38809
93960
71765
62928
77134
83722
85613
34032
22841
33205
35827
61687
51350
98494
98443
45662
62358
39394
89290
15708
25618
93574
26628
3726
72391
40107
93087
19397
62561
73418
74349
91994
93890
26641
56691
27961
65483
6976
33404
87362
73623
97394
39600
8623
98827
57802
12028
36373
22588
29188
84229
20158
7556
59458
28384
7113
22607
19121
51617
96156
24188
81880
21931
8184
93675
86838
18344
34006
96018
89714
60667
42030
32614
93825
13595
34866
15614
31679
24891
64077
78761
25204
36666
539
30229
77037
60217
1386
70745
48716
53669
94811
18022
12116
79494
51306
31837
54460
99789
454
15310
51905
68927
69814
29125
47192
83995
38874
90221
53085
47155
76770
45345
21133
59228
3079
11953
27054
17780
30659
98331
11241
37637
15081
92957
82817
59323
64512
71553
94043
6812
1104
35832
82211
94546
32141
69983
93715
20240
53155
11946
83920
70381
61908
60009
25741
17064
55438
94580
88405
7310
4496
17864
49369
55669
68981
25927
29807
20356
12087
93209
40662
80449
83838
57238
71340
573
90158
46504
24513
68844
90617
52312
59685
41634
76419
61059
26448
98149
3268
45446
74670
45295
87243
99446
11627
83411
6771
2358
11280
91948
87376
50799
97294
50867
54684
20885
28067
26106
792
53490
1208
71711
67351
18407
26141
77024
11305
80536
95213
33385
49185
63207
99451
84725
87246
18931
81743
47376
27175
30581
65328
9755
8922
25634
47261
82863
31968
39617
57297
17627
58280
82825
28443
64536
54276
24411
12783
37999
545
58025
60657
22215
77045
55518
95093
24978
57299
77132
83491
96673
46264
5747
6318
94201
57990
48288
95974
33368
86511
65583
97809
83087
97976
65151
2995
47602
20292
92076
75527
45648
74275
93654
46277
70678
49476
85793
45877
78333
64353
74125
59400
64854
69338
66627
77657
88077
35582
75747
83950
89876
61773
15559
84283
88929
18610
1244
64597
96698
70026
73987
42139
29421
69596
84504
71519
45690
67999
15124
93919
61554
89286
58717
29133
21231
37617
20645
58590
90027
7300
82892
77391
45441
12377
73144
17874
44820
6913
93718
47821
69376
47585
17354
16016
71222
72909
83280
36442
45917
67545
59476
56497
65113
79721
24920
41390
59362
26003
16596
28578
28416
13140
28574
88248
93381
98761
28403
98688
89832
92487
68396
81781
36505
2236
12066
46328
86421
83074
20574
91146
90090
46584
33800
18577
23943
73622
29470
81028
5208
76424
84863
281
39959
89937
26050
85819
51199
4916
85110
52913
1861
67448
47007
82142
98669
13968
64760
36746
54795
70567
28010
41507
64717
65687
15207
45214
9106
53315
56900
88891
92187
63306
29604
83050
73239
64420
50159
79311
28898
74233
49022
65860
71919
34948
3458
63696
72349
59133
49947
90277
5094
8743
41238
15058
50042
38197
44037
54491
73964
26080
20963
9232
86894
28886
49902
91798
85833
65326
65703
66372
1965
85729
7010
69586
24915
35813
42987
97609
91371
33334
93705
21379
40437
10327
86048
83072
5873
30138
76503
71277
17847
40930
67923
37015
97541
24150
62159
15291
7972
38410
1314
54464
57992
6847
24741
88950
51793
14678
23398
54258
15899
62756
31879
3661
4603
52032
36826
48213
7611
63214
32776
60533
86952
35983
5790
94583
17410
48530
76747
54458
31567
68496
73385
67350
31822
61518
68930
92312
87509
46537
80034
56334
52903
32678
55908
61401
763
35926
84439
77322
81741
49861
53357
5388
96604
72874
32492
69053
22547
49904
29783
12845
74348
52697
42682
531
62487
8437
45241
32804
73454
45473
49244
10540
48053
32208
16904
51569
27203
14538
10885
8522
52247
3686
1275
74862
35367
31589
14792
80509
46086
43898
73114
57607
11482
74971
66748
71536
47663
57107
57033
55566
92577
21438
61521
82351
28656
876
92325
72364
61538
5942
56778
17853
29811
13790
77746
88137
59327
50909
84139
89856
12287
81263
2579
81600
93896
47114
75538
5634
10569
26765
82795
66574
91693
42463
48689
56118
65533
37716
2613
24316
31242
21694
89035
47866
67748
90722
20329
58600
9814
64316
4609
89019
42020
67833
31128
70249
13795
12967
60536
23661
82428
78419
68403
38389
4724
19647
55457
42672
14136
93881
306
37985
85208
31999
65995
56736
61774
54126
280
55080
33115
90007
51765
88547
26217
96823
92333
77645
30256
65799
37450
29714
64078
46664
65494
57556
50324
15715
90659
99741
1021
81563
67125
36391
10415
71860
63534
57509
44683
52600
31215
47896
92747
31125
94977
88008
13931
80580
77331
8649
91313
65507
27159
77337
74625
6908
25855
27857
58002
1079
67361
20890
76243
75488
72714
19089
65040
28787
69286
46607
81985
58810
10110
60219
70610
6166
22420
7436
41898
47803
22641
98940
33807
42622
69332
91181
28259
6664
46740
5185
49489
8569
76822
1195
91860
70451
59224
40106
47433
96976
38592
43993
82933
12680
64044
26715
3566
48699
42928
71237
43243
62647
53067
71898
99115
39583
86440
57732
62872
75579
87227
20201
90969
14155
12226
51507
62762
3531
18663
32565
70938
47744
95180
52992
11799
72775
25267
3478
48145
66913
31181
57664
48758
82600
52217
55582
82226
65794
82899
54991
80221
36275
65377
99881
10384
90773
82975
19482
68975
6028
29569
47678
87789
35602
90789
71581
18487
11419
11278
70933
44733
45516
6535
38025
22711
40479
18989
56306
76487
37529
75624
79321
40668
26568
19566
13379
73370
563
53553
32268
85574
67106
10380
57326
54239
31259
51465
82728
67119
60814
49282
61135
18374
18811
21243
95815
20693
50248
6905
53210
33298
72096
77206
3225
94983
92684
3278
12284
61858
55486
23964
30190
92115
27896
58544
96778
49069
56990
9350
45079
29407
9589
55330
27448
55335
23236
17688
70168
79514
74621
54199
7641
47900
77490
35281
14505
58974
73412
91464
83842
45678
21832
82640
62916
60890
42278
63734
59786
27507
16772
64565
94932
25113
71809
87412
78738
32688
38063
32726
98068
20449
22472
36547
98792
20951
80738
95559
93307
55134
17039
15891
80977
70345
73931
2185
35124
67736
74102
77756
96171
72632
70022
84046
36815
70500
83729
9599
52477
32998
24815
10144
87994
25952
42651
33835
25557
89506
25613
54463
28861
47301
22174
38167
46246
57142
73630
65981
56987
44615
9772
40776
17584
9530
12567
91378
77660
97974
56899
48228
6656
71965
45011
61043
8811
25134
33574
7099
77402
63686
7655
7852
62013
16694
33723
25768
34167
21930
52467
64141
92923
13243
36253
73431
61786
5048
94274
22712
91790
31201
52951
14971
89224
85906
10880
28472
55179
8719
29828
70825
56104
21343
65181
86683
762
96113
94943
33909
51378
80347
43748
38444
17285
70382
18596
99009
42919
14437
76027
70551
92233
66566
38227
68806
78824
63783
74065
35094
80189
50117
13983
10161
16663
29087
23390
65349
35102
4203
28645
42902
98727
31546
18816
294
28193
99017
76480
83388
19933
84952
88497
6897
93774
84068
72348
83027
74603
31176
29917
27419
42318
28011
31209
6444
4939
48709
10408
53986
74859
50954
16104
93375
7501
29244
25414
19577
96990
84095
12416
35753
30258
7398
88383
65535
85576
55215
11540
91742
7526
34307
79794
78170
84135
11596
87711
58542
35449
11735
69369
82309
10899
94704
2271
71235
53860
31478
17815
94395
41153
17909
54576
34220
56233
15271
48895
69826
9995
96799
25576
49480
85101
25126
29923
65502
27168
87851
43432
15999
4881
1011
29335
3115
81476
50704
67128
50974
70628
64994
63673
86615
84482
10240
64692
46110
34166
51028
35419
98071
66030
6077
23887
67153
38309
29236
44906
99790
14891
11552
16062
79011
51200
49485
52293
99563
65030
41904
55280
57567
42766
77983
15746
29055
52512
15673
87811
37388
36965
97305
33254
421
37215
14912
69486
10329
24569
7639
69717
9584
84225
32775
87885
29365
36140
9211
21830
24014
25085
4979
52010
32424
82746
60111
91305
32708
64551
73641
11414
73439
74666
88845
13615
